0,0,0.04397994971335425
0,1,0.04397994971335425
0,2,0.04397994971335425
0,3,0.04397994971335425
0,4,0.04397994971335425
0,5,0.04397994971335425
0,6,0.04397994971335425
0,7,0.04397994971335425
0,8,0.04397994971335425
0,9,0.04397994971335425
0,10,0.04397994971335425
0,11,0.04397994971335425
0,12,0.04397994971335425
0,13,0.04397994971335425
0,14,0.04397994971335425
0,15,0.04397994971335425
0,16,0.04397994971335425
0,17,0.04397994971335425
0,18,0.04397994971335425
0,19,0.04397994971335425
0,20,0.04397994971335425
0,21,0.04397994971335425
0,22,0.04397994971335425
0,23,0.04397994971335425
0,24,0.04397994971335425
0,25,0.04397994971335425
0,26,0.04397994971335425
0,27,0.04397994971335425
0,28,0.04397994971335425
0,29,0.04397994971335425
0,30,0.04397994971335425
0,31,0.04397994971335425
0,32,0.04397994971335425
0,33,0.04397994971335425
0,34,0.04397994971335425
0,35,0.04397994971335425
0,36,0.04397994971335425
0,37,0.04397994971335425
0,38,0.04397994971335425
0,39,0.04397994971335425
6,0,0.05773502691896258
6,1,0.05773502691896258
6,2,0.05773502691896258
6,3,0.05773502691896258
6,4,0.05773502691896258
6,5,0.05773502691896258
6,6,0.05773502691896258
6,7,0.05773502691896258
6,8,0.05773502691896258
6,9,0.05773502691896258
6,10,0.05773502691896258
6,11,0.05773502691896258
6,12,0.05773502691896258
6,13,0.05773502691896258
6,14,0.05773502691896258
6,15,0.05773502691896258
6,16,0.05773502691896258
6,17,0.05773502691896258
6,18,0.05773502691896258
6,19,0.05773502691896258
6,20,0.05773502691896258
6,21,0.05773502691896258
6,22,0.05773502691896258
6,23,0.05773502691896258
6,24,0.05773502691896258
6,25,0.05773502691896258
6,26,0.05773502691896258
6,27,0.05773502691896258
6,28,0.05773502691896258
6,29,0.05773502691896258
6,30,0.05773502691896258
6,31,0.05773502691896258
6,32,0.05773502691896258
6,33,0.05773502691896258
6,34,0.05773502691896258
6,35,0.05773502691896258
6,36,0.05773502691896258
6,37,0.05773502691896258
6,38,0.05773502691896258
6,39,0.05773502691896258
7,0,0.14433756729740646
7,1,0.14433756729740646
7,2,0.14433756729740646
7,3,0.14433756729740646
7,4,0.14433756729740646
7,5,0.14433756729740646
7,6,0.14433756729740646
7,7,0.14433756729740646
7,8,0.14433756729740646
7,9,0.14433756729740646
7,10,0.14433756729740646
7,11,0.14433756729740646
7,12,0.14433756729740646
7,13,0.14433756729740646
7,14,0.14433756729740646
7,15,0.14433756729740646
7,16,0.14433756729740646
7,17,0.14433756729740646
7,18,0.14433756729740646
7,19,0.14433756729740646
7,20,0.14433756729740646
7,21,0.14433756729740646
7,22,0.14433756729740646
7,23,0.14433756729740646
7,24,0.14433756729740646
7,25,0.14433756729740646
7,26,0.14433756729740646
7,27,0.14433756729740646
7,28,0.14433756729740646
7,29,0.14433756729740646
7,30,0.14433756729740646
7,31,0.14433756729740646
7,32,0.14433756729740646
7,33,0.14433756729740646
7,34,0.14433756729740646
7,35,0.14433756729740646
7,36,0.14433756729740646
7,37,0.14433756729740646
7,38,0.14433756729740646
7,39,0.14433756729740646
8,0,0.06324555320336758
8,1,0.06324555320336758
8,2,0.06324555320336758
8,3,0.06324555320336758
8,4,0.06324555320336758
8,5,0.06324555320336758
8,6,0.06324555320336758
8,7,0.06324555320336758
8,8,0.06324555320336758
8,9,0.06324555320336758
8,10,0.06324555320336758
8,11,0.06324555320336758
8,12,0.06324555320336758
8,13,0.06324555320336758
8,14,0.06324555320336758
8,15,0.06324555320336758
8,16,0.06324555320336758
8,17,0.06324555320336758
8,18,0.06324555320336758
8,19,0.06324555320336758
8,20,0.06324555320336758
8,21,0.06324555320336758
8,22,0.06324555320336758
8,23,0.06324555320336758
8,24,0.06324555320336758
8,25,0.06324555320336758
8,26,0.06324555320336758
8,27,0.06324555320336758
8,28,0.06324555320336758
8,29,0.06324555320336758
8,30,0.06324555320336758
8,31,0.06324555320336758
8,32,0.06324555320336758
8,33,0.06324555320336758
8,34,0.06324555320336758
8,35,0.06324555320336758
8,36,0.06324555320336758
8,37,0.06324555320336758
8,38,0.06324555320336758
8,39,0.06324555320336758
9,0,0.057353933467640436
9,1,0.057353933467640436
9,2,0.057353933467640436
9,3,0.057353933467640436
9,4,0.057353933467640436
9,5,0.057353933467640436
9,6,0.057353933467640436
9,7,0.057353933467640436
9,8,0.057353933467640436
9,9,0.057353933467640436
9,10,0.057353933467640436
9,11,0.057353933467640436
9,12,0.057353933467640436
9,13,0.057353933467640436
9,14,0.057353933467640436
9,15,0.057353933467640436
9,16,0.057353933467640436
9,17,0.057353933467640436
9,18,0.057353933467640436
9,19,0.057353933467640436
9,20,0.057353933467640436
9,21,0.057353933467640436
9,22,0.057353933467640436
9,23,0.057353933467640436
9,24,0.057353933467640436
9,25,0.057353933467640436
9,26,0.057353933467640436
9,27,0.057353933467640436
9,28,0.057353933467640436
9,29,0.057353933467640436
9,30,0.057353933467640436
9,31,0.057353933467640436
9,32,0.057353933467640436
9,33,0.057353933467640436
9,34,0.057353933467640436
9,35,0.057353933467640436
9,36,0.057353933467640436
9,37,0.057353933467640436
9,38,0.057353933467640436
9,39,0.057353933467640436
12,0,0.037113480951260276
12,1,0.037113480951260276
12,2,0.037113480951260276
12,3,0.037113480951260276
12,4,0.037113480951260276
12,5,0.037113480951260276
12,6,0.037113480951260276
12,7,0.037113480951260276
12,8,0.037113480951260276
12,9,0.037113480951260276
12,10,0.037113480951260276
12,11,0.037113480951260276
12,12,0.037113480951260276
12,13,0.037113480951260276
12,14,0.037113480951260276
12,15,0.037113480951260276
12,16,0.037113480951260276
12,17,0.037113480951260276
12,18,0.037113480951260276
12,19,0.037113480951260276
12,20,0.037113480951260276
12,21,0.037113480951260276
12,22,0.037113480951260276
12,23,0.037113480951260276
12,24,0.037113480951260276
12,25,0.037113480951260276
12,26,0.037113480951260276
12,27,0.037113480951260276
12,28,0.037113480951260276
12,29,0.037113480951260276
12,30,0.037113480951260276
12,31,0.037113480951260276
12,32,0.037113480951260276
12,33,0.037113480951260276
12,34,0.037113480951260276
12,35,0.037113480951260276
12,36,0.037113480951260276
12,37,0.037113480951260276
12,38,0.037113480951260276
12,39,0.037113480951260276
14,0,0.04879500364742665
14,1,0.04879500364742665
14,2,0.04879500364742665
14,3,0.04879500364742665
14,4,0.04879500364742665
14,5,0.04879500364742665
14,6,0.04879500364742665
14,7,0.04879500364742665
14,8,0.04879500364742665
14,9,0.04879500364742665
14,10,0.04879500364742665
14,11,0.04879500364742665
14,12,0.04879500364742665
14,13,0.04879500364742665
14,14,0.04879500364742665
14,15,0.04879500364742665
14,16,0.04879500364742665
14,17,0.04879500364742665
14,18,0.04879500364742665
14,19,0.04879500364742665
14,20,0.04879500364742665
14,21,0.04879500364742665
14,22,0.04879500364742665
14,23,0.04879500364742665
14,24,0.04879500364742665
14,25,0.04879500364742665
14,26,0.04879500364742665
14,27,0.04879500364742665
14,28,0.04879500364742665
14,29,0.04879500364742665
14,30,0.04879500364742665
14,31,0.04879500364742665
14,32,0.04879500364742665
14,33,0.04879500364742665
14,34,0.04879500364742665
14,35,0.04879500364742665
14,36,0.04879500364742665
14,37,0.04879500364742665
14,38,0.04879500364742665
14,39,0.04879500364742665
15,0,0.05096471914376255
15,1,0.05096471914376255
15,2,0.05096471914376255
15,3,0.05096471914376255
15,4,0.05096471914376255
15,5,0.05096471914376255
15,6,0.05096471914376255
15,7,0.05096471914376255
15,8,0.05096471914376255
15,9,0.05096471914376255
15,10,0.05096471914376255
15,11,0.05096471914376255
15,12,0.05096471914376255
15,13,0.05096471914376255
15,14,0.05096471914376255
15,15,0.05096471914376255
15,16,0.05096471914376255
15,17,0.05096471914376255
15,18,0.05096471914376255
15,19,0.05096471914376255
15,20,0.05096471914376255
15,21,0.05096471914376255
15,22,0.05096471914376255
15,23,0.05096471914376255
15,24,0.05096471914376255
15,25,0.05096471914376255
15,26,0.05096471914376255
15,27,0.05096471914376255
15,28,0.05096471914376255
15,29,0.05096471914376255
15,30,0.05096471914376255
15,31,0.05096471914376255
15,32,0.05096471914376255
15,33,0.05096471914376255
15,34,0.05096471914376255
15,35,0.05096471914376255
15,36,0.05096471914376255
15,37,0.05096471914376255
15,38,0.05096471914376255
15,39,0.05096471914376255
18,0,0.04682929057908469
18,1,0.04682929057908469
18,2,0.04682929057908469
18,3,0.04682929057908469
18,4,0.04682929057908469
18,5,0.04682929057908469
18,6,0.04682929057908469
18,7,0.04682929057908469
18,8,0.04682929057908469
18,9,0.04682929057908469
18,10,0.04682929057908469
18,11,0.04682929057908469
18,12,0.04682929057908469
18,13,0.04682929057908469
18,14,0.04682929057908469
18,15,0.04682929057908469
18,16,0.04682929057908469
18,17,0.04682929057908469
18,18,0.04682929057908469
18,19,0.04682929057908469
18,20,0.04682929057908469
18,21,0.04682929057908469
18,22,0.04682929057908469
18,23,0.04682929057908469
18,24,0.04682929057908469
18,25,0.04682929057908469
18,26,0.04682929057908469
18,27,0.04682929057908469
18,28,0.04682929057908469
18,29,0.04682929057908469
18,30,0.04682929057908469
18,31,0.04682929057908469
18,32,0.04682929057908469
18,33,0.04682929057908469
18,34,0.04682929057908469
18,35,0.04682929057908469
18,36,0.04682929057908469
18,37,0.04682929057908469
18,38,0.04682929057908469
18,39,0.04682929057908469
21,0,0.06454972243679027
21,1,0.06454972243679027
21,2,0.06454972243679027
21,3,0.06454972243679027
21,4,0.06454972243679027
21,5,0.06454972243679027
21,6,0.06454972243679027
21,7,0.06454972243679027
21,8,0.06454972243679027
21,9,0.06454972243679027
21,10,0.06454972243679027
21,11,0.06454972243679027
21,12,0.06454972243679027
21,13,0.06454972243679027
21,14,0.06454972243679027
21,15,0.06454972243679027
21,16,0.06454972243679027
21,17,0.06454972243679027
21,18,0.06454972243679027
21,19,0.06454972243679027
21,20,0.06454972243679027
21,21,0.06454972243679027
21,22,0.06454972243679027
21,23,0.06454972243679027
21,24,0.06454972243679027
21,25,0.06454972243679027
21,26,0.06454972243679027
21,27,0.06454972243679027
21,28,0.06454972243679027
21,29,0.06454972243679027
21,30,0.06454972243679027
21,31,0.06454972243679027
21,32,0.06454972243679027
21,33,0.06454972243679027
21,34,0.06454972243679027
21,35,0.06454972243679027
21,36,0.06454972243679027
21,37,0.06454972243679027
21,38,0.06454972243679027
21,39,0.06454972243679027
22,0,0.05184758473652126
22,1,0.05184758473652126
22,2,0.05184758473652126
22,3,0.05184758473652126
22,4,0.05184758473652126
22,5,0.05184758473652126
22,6,0.05184758473652126
22,7,0.05184758473652126
22,8,0.05184758473652126
22,9,0.05184758473652126
22,10,0.05184758473652126
22,11,0.05184758473652126
22,12,0.05184758473652126
22,13,0.05184758473652126
22,14,0.05184758473652126
22,15,0.05184758473652126
22,16,0.05184758473652126
22,17,0.05184758473652126
22,18,0.05184758473652126
22,19,0.05184758473652126
22,20,0.05184758473652126
22,21,0.05184758473652126
22,22,0.05184758473652126
22,23,0.05184758473652126
22,24,0.05184758473652126
22,25,0.05184758473652126
22,26,0.05184758473652126
22,27,0.05184758473652126
22,28,0.05184758473652126
22,29,0.05184758473652126
22,30,0.05184758473652126
22,31,0.05184758473652126
22,32,0.05184758473652126
22,33,0.05184758473652126
22,34,0.05184758473652126
22,35,0.05184758473652126
22,36,0.05184758473652126
22,37,0.05184758473652126
22,38,0.05184758473652126
22,39,0.05184758473652126
23,0,0.1143323900950059
23,1,0.1143323900950059
23,2,0.1143323900950059
23,3,0.1143323900950059
23,4,0.1143323900950059
23,5,0.1143323900950059
23,6,0.1143323900950059
23,7,0.1143323900950059
23,8,0.1143323900950059
23,9,0.1143323900950059
23,10,0.1143323900950059
23,11,0.1143323900950059
23,12,0.1143323900950059
23,13,0.1143323900950059
23,14,0.1143323900950059
23,15,0.1143323900950059
23,16,0.1143323900950059
23,17,0.1143323900950059
23,18,0.1143323900950059
23,19,0.1143323900950059
23,20,0.1143323900950059
23,21,0.1143323900950059
23,22,0.1143323900950059
23,23,0.1143323900950059
23,24,0.1143323900950059
23,25,0.1143323900950059
23,26,0.1143323900950059
23,27,0.1143323900950059
23,28,0.1143323900950059
23,29,0.1143323900950059
23,30,0.1143323900950059
23,31,0.1143323900950059
23,32,0.1143323900950059
23,33,0.1143323900950059
23,34,0.1143323900950059
23,35,0.1143323900950059
23,36,0.1143323900950059
23,37,0.1143323900950059
23,38,0.1143323900950059
23,39,0.1143323900950059
24,0,0.05661385170722978
24,1,0.05661385170722978
24,2,0.05661385170722978
24,3,0.05661385170722978
24,4,0.05661385170722978
24,5,0.05661385170722978
24,6,0.05661385170722978
24,7,0.05661385170722978
24,8,0.05661385170722978
24,9,0.05661385170722978
24,10,0.05661385170722978
24,11,0.05661385170722978
24,12,0.05661385170722978
24,13,0.05661385170722978
24,14,0.05661385170722978
24,15,0.05661385170722978
24,16,0.05661385170722978
24,17,0.05661385170722978
24,18,0.05661385170722978
24,19,0.05661385170722978
24,20,0.05661385170722978
24,21,0.05661385170722978
24,22,0.05661385170722978
24,23,0.05661385170722978
24,24,0.05661385170722978
24,25,0.05661385170722978
24,26,0.05661385170722978
24,27,0.05661385170722978
24,28,0.05661385170722978
24,29,0.05661385170722978
24,30,0.05661385170722978
24,31,0.05661385170722978
24,32,0.05661385170722978
24,33,0.05661385170722978
24,34,0.05661385170722978
24,35,0.05661385170722978
24,36,0.05661385170722978
24,37,0.05661385170722978
24,38,0.05661385170722978
24,39,0.05661385170722978
28,0,0.062257280636469035
28,1,0.062257280636469035
28,2,0.062257280636469035
28,3,0.062257280636469035
28,4,0.062257280636469035
28,5,0.062257280636469035
28,6,0.062257280636469035
28,7,0.062257280636469035
28,8,0.062257280636469035
28,9,0.062257280636469035
28,10,0.062257280636469035
28,11,0.062257280636469035
28,12,0.062257280636469035
28,13,0.062257280636469035
28,14,0.062257280636469035
28,15,0.062257280636469035
28,16,0.062257280636469035
28,17,0.062257280636469035
28,18,0.062257280636469035
28,19,0.062257280636469035
28,20,0.062257280636469035
28,21,0.062257280636469035
28,22,0.062257280636469035
28,23,0.062257280636469035
28,24,0.062257280636469035
28,25,0.062257280636469035
28,26,0.062257280636469035
28,27,0.062257280636469035
28,28,0.062257280636469035
28,29,0.062257280636469035
28,30,0.062257280636469035
28,31,0.062257280636469035
28,32,0.062257280636469035
28,33,0.062257280636469035
28,34,0.062257280636469035
28,35,0.062257280636469035
28,36,0.062257280636469035
28,37,0.062257280636469035
28,38,0.062257280636469035
28,39,0.062257280636469035
30,0,0.04393747751637468
30,1,0.04393747751637468
30,2,0.04393747751637468
30,3,0.04393747751637468
30,4,0.04393747751637468
30,5,0.04393747751637468
30,6,0.04393747751637468
30,7,0.04393747751637468
30,8,0.04393747751637468
30,9,0.04393747751637468
30,10,0.04393747751637468
30,11,0.04393747751637468
30,12,0.04393747751637468
30,13,0.04393747751637468
30,14,0.04393747751637468
30,15,0.04393747751637468
30,16,0.04393747751637468
30,17,0.04393747751637468
30,18,0.04393747751637468
30,19,0.04393747751637468
30,20,0.04393747751637468
30,21,0.04393747751637468
30,22,0.04393747751637468
30,23,0.04393747751637468
30,24,0.04393747751637468
30,25,0.04393747751637468
30,26,0.04393747751637468
30,27,0.04393747751637468
30,28,0.04393747751637468
30,29,0.04393747751637468
30,30,0.04393747751637468
30,31,0.04393747751637468
30,32,0.04393747751637468
30,33,0.04393747751637468
30,34,0.04393747751637468
30,35,0.04393747751637468
30,36,0.04393747751637468
30,37,0.04393747751637468
30,38,0.04393747751637468
30,39,0.04393747751637468
33,0,0.052057920629535355
33,1,0.052057920629535355
33,2,0.052057920629535355
33,3,0.052057920629535355
33,4,0.052057920629535355
33,5,0.052057920629535355
33,6,0.052057920629535355
33,7,0.052057920629535355
33,8,0.052057920629535355
33,9,0.052057920629535355
33,10,0.052057920629535355
33,11,0.052057920629535355
33,12,0.052057920629535355
33,13,0.052057920629535355
33,14,0.052057920629535355
33,15,0.052057920629535355
33,16,0.052057920629535355
33,17,0.052057920629535355
33,18,0.052057920629535355
33,19,0.052057920629535355
33,20,0.052057920629535355
33,21,0.052057920629535355
33,22,0.052057920629535355
33,23,0.052057920629535355
33,24,0.052057920629535355
33,25,0.052057920629535355
33,26,0.052057920629535355
33,27,0.052057920629535355
33,28,0.052057920629535355
33,29,0.052057920629535355
33,30,0.052057920629535355
33,31,0.052057920629535355
33,32,0.052057920629535355
33,33,0.052057920629535355
33,34,0.052057920629535355
33,35,0.052057920629535355
33,36,0.052057920629535355
33,37,0.052057920629535355
33,38,0.052057920629535355
33,39,0.052057920629535355
34,0,0.0472455591261534
34,1,0.0472455591261534
34,2,0.0472455591261534
34,3,0.0472455591261534
34,4,0.0472455591261534
34,5,0.0472455591261534
34,6,0.0472455591261534
34,7,0.0472455591261534
34,8,0.0472455591261534
34,9,0.0472455591261534
34,10,0.0472455591261534
34,11,0.0472455591261534
34,12,0.0472455591261534
34,13,0.0472455591261534
34,14,0.0472455591261534
34,15,0.0472455591261534
34,16,0.0472455591261534
34,17,0.0472455591261534
34,18,0.0472455591261534
34,19,0.0472455591261534
34,20,0.0472455591261534
34,21,0.0472455591261534
34,22,0.0472455591261534
34,23,0.0472455591261534
34,24,0.0472455591261534
34,25,0.0472455591261534
34,26,0.0472455591261534
34,27,0.0472455591261534
34,28,0.0472455591261534
34,29,0.0472455591261534
34,30,0.0472455591261534
34,31,0.0472455591261534
34,32,0.0472455591261534
34,33,0.0472455591261534
34,34,0.0472455591261534
34,35,0.0472455591261534
34,36,0.0472455591261534
34,37,0.0472455591261534
34,38,0.0472455591261534
34,39,0.0472455591261534
35,0,0.09284766908852592
35,1,0.09284766908852592
35,2,0.09284766908852592
35,3,0.09284766908852592
35,4,0.09284766908852592
35,5,0.09284766908852592
35,6,0.09284766908852592
35,7,0.09284766908852592
35,8,0.09284766908852592
35,9,0.09284766908852592
35,10,0.09284766908852592
35,11,0.09284766908852592
35,12,0.09284766908852592
35,13,0.09284766908852592
35,14,0.09284766908852592
35,15,0.09284766908852592
35,16,0.09284766908852592
35,17,0.09284766908852592
35,18,0.09284766908852592
35,19,0.09284766908852592
35,20,0.09284766908852592
35,21,0.09284766908852592
35,22,0.09284766908852592
35,23,0.09284766908852592
35,24,0.09284766908852592
35,25,0.09284766908852592
35,26,0.09284766908852592
35,27,0.09284766908852592
35,28,0.09284766908852592
35,29,0.09284766908852592
35,30,0.09284766908852592
35,31,0.09284766908852592
35,32,0.09284766908852592
35,33,0.09284766908852592
35,34,0.09284766908852592
35,35,0.09284766908852592
35,36,0.09284766908852592
35,37,0.09284766908852592
35,38,0.09284766908852592
35,39,0.09284766908852592
36,0,0.05345224838248487
36,1,0.05345224838248487
36,2,0.05345224838248487
36,3,0.05345224838248487
36,4,0.05345224838248487
36,5,0.05345224838248487
36,6,0.05345224838248487
36,7,0.05345224838248487
36,8,0.05345224838248487
36,9,0.05345224838248487
36,10,0.05345224838248487
36,11,0.05345224838248487
36,12,0.05345224838248487
36,13,0.05345224838248487
36,14,0.05345224838248487
36,15,0.05345224838248487
36,16,0.05345224838248487
36,17,0.05345224838248487
36,18,0.05345224838248487
36,19,0.05345224838248487
36,20,0.05345224838248487
36,21,0.05345224838248487
36,22,0.05345224838248487
36,23,0.05345224838248487
36,24,0.05345224838248487
36,25,0.05345224838248487
36,26,0.05345224838248487
36,27,0.05345224838248487
36,28,0.05345224838248487
36,29,0.05345224838248487
36,30,0.05345224838248487
36,31,0.05345224838248487
36,32,0.05345224838248487
36,33,0.05345224838248487
36,34,0.05345224838248487
36,35,0.05345224838248487
36,36,0.05345224838248487
36,37,0.05345224838248487
36,38,0.05345224838248487
36,39,0.05345224838248487
