0,1,0.023980056885558418
0,2,0.02127659574468085
0,3,0.06251356778481196
0,4,0.03969942227836091
0,5,0.06973680437544066
0,6,0.02062842492517587
0,7,0.04210759605332595
0,8,0.04125684985035174
0,9,0.047960113771116836
0,10,0.021989974856677124
0,11,0.03969942227836091
0,12,0.03646624787447364
0,13,0.039336862882432995
0,14,0.03766217885773547
0,15,0.059005294323649496
0,16,0.047960113771116836
0,17,0.03766217885773547
0,18,0.07728116040079154
0,19,0.05954913341754137
0,20,0.07661204685080918
0,21,0.021053798026662976
0,22,0.018524872445114318
0,23,0.02042518425514167
0,25,0.10418927964135326
0,26,0.06251356778481196
0,27,0.021053798026662976
0,28,0.022244202665006457
0,29,0.01867609840282882
0,30,0.06782584334807007
0,31,0.05745903513810688
0,32,0.04397994971335425
0,33,0.0683408533502272
0,34,0.059005294323649496
0,35,0.019320290100197885
0,36,0.04125684985035174
0,37,0.04085036851028334
0,38,0.018990004393338027
0,39,0.07532435771547094
1,0,0.023980056885558418
1,3,0.04745789978762495
1,4,0.04516387521771449
1,5,0.03929887459459297
1,7,0.023980056885558418
1,8,0.04649905549752772
1,9,0.027027027027027032
1,10,0.07435223956449147
1,11,0.04474373701426829
1,12,0.020236116462908824
1,13,0.022167554926073633
1,16,0.08219949365267865
1,18,0.06532553344640134
1,19,0.06774581282657174
1,20,0.021586644588817278
1,22,0.041757384532966166
1,23,0.06906138832741962
1,24,0.02632490632463282
1,25,0.023728949893812475
1,28,0.025070610528195012
1,29,0.042098266797411445
1,30,0.05733298225836872
1,31,0.06475993376645184
1,32,0.024784079854830488
1,33,0.025674808298154845
1,37,0.023020462775806542
1,38,0.042447635997800895
1,39,0.042098266797411445
2,0,0.021053798026662976
2,4,0.05892556509887896
2,5,0.05175491695067657
2,6,0.06123724356957946
2,7,0.020833333333333336
2,8,0.06123724356957946
2,9,0.023414645289542353
2,10,0.04351941398892446
2,12,0.035533452725935076
2,13,0.05892556509887896
2,15,0.11677484162422846
2,16,0.04745789978762495
2,17,0.018633899812498248
2,18,0.05735393346764045
2,20,0.09476225544736293
2,24,0.023414645289542353
2,25,0.06123724356957946
2,27,0.06185895741317419
2,28,0.0660338179744218
2,29,0.018480531773864325
2,30,0.01689343445998715
2,31,0.05685735326841775
2,34,0.05786375623578447
2,35,0.03790490217894517
2,36,0.020412414523193152
2,38,0.07453559924999299
2,39,0.03696106354772865
3,0,0.06251356778481196
3,1,0.046971139230102085
3,4,0.038880789567986955
3,5,0.03414938883812553
3,6,0.061224489795918366
3,7,0.020619652471058063
3,8,0.06060915267313264
3,10,0.0215365246126974
3,11,0.038880789567986955
3,12,0.05275349613399974
3,13,0.038525706426470976
3,15,0.019262853213235488
3,16,0.046971139230102085
3,18,0.018921890815214913
3,19,0.038880789567986955
3,20,0.09460945407607456
3,22,0.0544286258572245
3,23,0.020004001200400138
3,24,0.022875450543583874
3,25,0.020203050891044214
3,26,0.04081632653061224
3,27,0.04081632653061224
3,29,0.018290982847556567
3,30,0.06688065554064604
3,31,0.056274185511309666
3,32,0.0215365246126974
3,34,0.038180177416060626
3,35,0.018921890815214913
3,36,0.020203050891044214
3,37,0.020004001200400138
3,38,0.07377111135633174
3,39,0.054872948542669706
4,0,0.03969942227836091
4,1,0.04474373701426829
4,2,0.05892556509887896
4,3,0.038880789567986955
4,6,0.057735026918962574
4,7,0.07939884455672182
4,8,0.038880789567986955
4,10,0.041504853757646024
4,11,0.018518518518518517
4,13,0.05504818825631803
4,14,0.07027283689263066
4,15,0.018349396085439344
4,16,0.06711560552140243
4,17,0.05270462766947299
4,18,0.03604920469572501
4,19,0.037037037037037035
4,20,0.05360562674188974
4,21,0.019641855032959652
4,22,0.05184758473652126
4,23,0.019055398349167647
4,24,0.02179068168202045
4,25,0.07776157913597391
4,26,0.038880789567986955
4,27,0.038880789567986955
4,28,0.06225728063646903
4,29,0.05227083734893167
4,30,0.015819299929208316
4,31,0.07147416898918632
4,32,0.041030496993110906
4,33,0.06375767130633382
4,34,0.036369648372665396
4,36,0.03849001794597505
4,37,0.057166195047502935
4,38,0.05270462766947299
4,39,0.03484722489928778
5,0,0.06973680437544066
5,1,0.03929887459459297
5,2,0.0523026032815805
5,3,0.03414938883812553
5,6,0.08451542547285165
5,7,0.05175491695067657
5,9,0.05816750507471111
5,10,0.018018749253911177
5,11,0.04879500364742666
5,12,0.10298573010888744
5,13,0.048349377841522816
5,14,0.031121102204473856
5,15,0.03223291856101521
5,17,0.07715167498104594
5,18,0.07915594835766294
5,19,0.04879500364742666
5,20,0.03138824102871722
5,21,0.06900655593423542
5,22,0.07589709258986453
5,23,0.016736548175114458
5,24,0.019138975058773818
5,25,0.05070925528371099
5,28,0.03645413082882446
5,29,0.030860669992418377
5,30,0.11115400287534569
5,31,0.06277648205743444
5,32,0.036037498507822355
5,33,0.07466533929465574
5,34,0.09583148474999098
5,35,0.03138824102871722
5,36,0.03380617018914066
5,37,0.05020964452534338
5,38,0.015430334996209188
5,39,0.015303334194570998
6,0,0.02062842492517587
6,2,0.06123724356957946
6,3,0.06060915267313264
6,4,0.038851434494290564
6,5,0.08512565307587486
6,7,0.020412414523193152
6,8,0.039999999999999994
6,9,0.02294157338705618
6,10,0.02132007163556104
6,11,0.03849001794597505
6,12,0.034815531191139566
6,13,0.03813850356982369
6,14,0.1104689541477988
6,15,0.03813850356982369
6,16,0.02324952774876386
6,17,0.054772255750516606
6,18,0.05619514869490164
6,19,0.057735026918962574
6,20,0.03713906763541037
6,22,0.035921060405354976
6,23,0.05999999999999999
6,24,0.045291081365783824
6,26,0.10101525445522107
6,28,0.04313310928137536
6,29,0.07242859683401483
6,30,0.032879797461071454
6,31,0.037463432463267755
6,32,0.02132007163556104
6,34,0.07559289460184544
6,35,0.07427813527082074
6,36,0.039999999999999994
6,37,0.019802950859533482
6,38,0.03651483716701107
6,39,0.036214298417007414
7,0,0.04210759605332595
7,1,0.023728949893812475
7,2,0.020833333333333336
7,3,0.020619652471058063
7,4,0.07856742013183861
7,5,0.05175491695067657
7,6,0.020412414523193152
7,8,0.06123724356957946
7,9,0.023414645289542353
7,11,0.019641855032959652
7,12,0.017766726362967538
7,13,0.05838742081211423
7,14,0.018633899812498248
7,15,0.038924947208076155
7,16,0.023728949893812475
7,17,0.07453559924999299
7,18,0.05735393346764045
7,19,0.019641855032959652
7,20,0.07580980435789034
7,21,0.04166666666666667
7,22,0.07332355751067665
7,23,0.040422604172722164
7,24,0.06933752452815364
7,25,0.020412414523193152
7,26,0.041239304942116126
7,27,0.06185895741317419
7,28,0.0880450906325624
7,29,0.03696106354772865
7,30,0.050680303379961454
7,31,0.1137147065368355
7,32,0.08703882797784893
7,33,0.11270870433342906
7,35,0.03790490217894517
7,36,0.040824829046386304
7,37,0.020211302086361082
7,38,0.037267799624996496
7,39,0.05544159532159297
8,0,0.04125684985035174
8,1,0.04649905549752772
8,2,0.06123724356957946
8,3,0.06060915267313264
8,4,0.03849001794597505
8,6,0.039999999999999994
8,7,0.06123724356957946
8,9,0.04588314677411236
8,10,0.04264014327112208
8,12,0.034815531191139566
8,13,0.03813850356982369
8,14,0.03713906763541037
8,15,0.03813850356982369
8,16,0.02324952774876386
8,19,0.03849001794597505
8,20,0.018569533817705184
8,21,0.020412414523193152
8,22,0.07184212081070995
8,24,0.022645540682891912
8,25,0.039999999999999994
8,29,0.018107149208503707
8,30,0.032879797461071454
8,31,0.018569533817705184
8,34,0.03779644730092272
8,35,0.03713906763541037
8,36,0.039999999999999994
8,37,0.039605901719066965
8,39,0.036214298417007414
9,0,0.047324852428030105
9,2,0.023414645289542353
9,5,0.058587492514838024
9,6,0.02294157338705618
9,7,0.023414645289542353
9,8,0.04588314677411236
9,10,0.024455799402225926
9,11,0.08830215713766959
9,12,0.09984038297885896
9,13,0.043747863925980714
9,14,0.04223886030955117
9,15,0.08749572785196143
9,17,0.041885390829169554
9,18,0.042973504259354006
9,19,0.02228282589107932
9,20,0.021300716142115247
9,21,0.046829290579084706
9,22,0.04120428217151646
9,23,0.02294157338705618
9,24,0.025976216673306556
9,25,0.13764944032233709
9,27,0.023174488732966077
9,29,0.0623109738595896
9,30,0.03771571432023571
9,31,0.042601432284230495
9,33,0.05066945919381401
9,34,0.021677749238103002
9,35,0.042973504259354006
9,37,0.06814662756363819
9,38,0.06282808624375433
9,39,0.0207703246198632
10,0,0.021989974856677124
10,1,0.07435223956449147
10,2,0.04351941398892446
10,3,0.0215365246126974
10,4,0.041030496993110906
10,5,0.018018749253911177
10,6,0.02132007163556104
10,8,0.0430730492253948
10,9,0.024455799402225926
10,11,0.06154574548966636
10,12,0.05609681940050743
10,13,0.020327890704543543
10,14,0.03892494720807615
10,15,0.08131156281817417
10,16,0.07435223956449147
10,18,0.059904229787315376
10,19,0.020515248496555453
10,20,0.019795189561622396
10,21,0.02175970699446223
10,23,0.06333004963811235
10,24,0.02414022747926338
10,27,0.0215365246126974
10,28,0.11495012246792573
10,29,0.038604571824109146
10,30,0.01752499093081954
10,31,0.03959037912324479
10,32,0.06818181818181818
10,34,0.020145574100634507
10,35,0.07987230638308716
10,36,0.0215365246126974
10,38,0.019462473604038074
10,39,0.019462473604038074
11,0,0.03969942227836091
11,1,0.04474373701426829
11,3,0.038880789567986955
11,4,0.018518518518518517
11,5,0.049507377148833714
11,6,0.03849001794597505
11,7,0.019641855032959652
11,9,0.08830215713766959
11,10,0.06154574548966636
11,12,0.083753151271601
11,13,0.018349396085439344
11,14,0.03513641844631533
11,17,0.05270462766947299
11,18,0.05455447255899809
11,19,0.018518518518518517
11,20,0.01786854224729658
11,21,0.07939884455672182
11,22,0.03484722489928778
11,24,0.02179068168202045
11,25,0.03849001794597505
11,26,0.019440394783993478
11,27,0.05832118435198043
11,28,0.041504853757646024
11,29,0.01742361244964389
11,30,0.11073509950445821
11,31,0.03573708449459316
11,32,0.041030496993110906
11,33,0.04250511420422255
11,34,0.036369648372665396
11,35,0.03573708449459316
11,37,0.03849001794597505
11,38,0.017568209223157664
11,39,0.05227083734893167
12,0,0.035909478570327065
12,1,0.020236116462908824
12,2,0.035533452725935076
12,3,0.05330017908890261
12,5,0.10298573010888744
12,6,0.034815531191139566
12,7,0.017766726362967538
12,8,0.034815531191139566
12,9,0.09984038297885896
12,10,0.05567022142689041
12,11,0.08453958309103056
12,13,0.0502518907629606
12,14,0.04767312946227961
12,15,0.0167506302543202
12,16,0.020236116462908824
12,17,0.06410058864642093
12,19,0.0670025210172808
12,20,0.06465081838352359
12,21,0.07181895714065413
12,22,0.04689790496105418
12,23,0.03447251266633461
12,24,0.03942082639927218
12,25,0.034815531191139566
12,26,0.08792249355666623
12,27,0.03516899742266649
12,28,0.03798685881987931
12,29,0.04728075135384592
12,30,0.05723638070321425
12,31,0.048488113787642693
12,32,0.07508510557782778
12,33,0.07784989441615228
12,34,0.03289758474798845
12,35,0.048488113787642693
12,36,0.03516899742266649
12,37,0.017236256333167305
12,38,0.03178208630818641
12,39,0.0630410018051279
13,0,0.039336862882432995
13,1,0.022473328748774737
13,2,0.05838742081211423
13,3,0.038525706426470976
13,4,0.05504818825631803
13,5,0.048349377841522816
13,6,0.03813850356982369
13,7,0.05838742081211423
13,8,0.03813850356982369
13,9,0.043747863925980714
13,10,0.020327890704543543
13,11,0.018349396085439344
13,12,0.049792959773196914
13,14,0.034815531191139566
13,15,0.01818181818181818
13,16,0.022167554926073633
13,17,0.017705355794912774
13,19,0.11009637651263605
13,20,0.08852677897456387
13,21,0.019462473604038077
13,22,0.03424938726253708
13,23,0.018881372801234024
13,24,0.021591675854376522
13,25,0.07627700713964738
13,26,0.07705141285294195
13,27,0.05838742081211423
13,28,0.020562903028816623
13,29,0.051793468104588666
13,30,0.04734547520530278
13,31,0.05311606738473832
13,32,0.06098367211363063
13,33,0.0631753972713992
13,34,0.05405624776173354
13,35,0.05311606738473832
13,36,0.019069251784911846
13,37,0.0755254912049361
13,38,0.034815531191139566
13,39,0.03452897873639244
14,0,0.03766217885773547
14,4,0.07027283689263066
14,5,0.030860669992418377
14,6,0.10954451150103321
14,7,0.018633899812498248
14,8,0.03651483716701107
14,9,0.041885390829169554
14,10,0.03892494720807615
14,11,0.03513641844631533
14,12,0.04841229182759271
14,13,0.03513641844631533
14,15,0.034815531191139566
14,16,0.021223817998900447
14,17,0.033614632272640714
14,19,0.05270462766947299
14,20,0.05085476277156078
14,21,0.05590169943749475
14,22,0.016395645894598822
14,23,0.054232614454664034
14,24,0.04134491152973615
14,25,0.054772255750516606
14,26,0.03688555567816587
14,27,0.018442777839082936
14,28,0.019687480773953943
14,29,0.04958847036804647
14,30,0.030015011259383207
14,31,0.034199278402838464
14,32,0.03892494720807615
14,33,0.04032389192727559
14,34,0.06900655593423542
14,35,0.03390317518104052
14,36,0.03688555567816587
14,37,0.09038769075777339
14,38,0.049999999999999996
14,39,0.033058980245364314
15,0,0.059005294323649496
15,2,0.11677484162422846
15,3,0.019262853213235488
15,4,0.018349396085439344
15,5,0.03223291856101521
15,6,0.03813850356982369
15,7,0.038924947208076155
15,8,0.03813850356982369
15,9,0.08749572785196143
15,10,0.08131156281817417
15,12,0.016597653257732305
15,13,0.01818181818181818
15,14,0.034815531191139566
15,17,0.034815531191139566
15,18,0.1250199346145913
15,19,0.05504818825631803
15,20,0.05311606738473832
15,21,0.038924947208076155
15,22,0.03424938726253708
15,24,0.021591675854376522
15,25,0.03813850356982369
15,27,0.038525706426470976
15,28,0.061688709086449876
15,29,0.01726448936819622
15,30,0.06269931364220768
15,31,0.03541071158982555
15,32,0.06098367211363063
15,33,0.02132007163556104
15,34,0.05454545454545454
15,35,0.017705355794912774
15,36,0.019262853213235488
15,37,0.05664411840370207
15,38,0.017554669175502146
15,39,0.01726448936819622
16,0,0.048478616556371965
16,1,0.0810810810810811
16,2,0.04745789978762495
16,3,0.046971139230102085
16,4,0.06711560552140243
16,6,0.02324952774876386
16,7,0.023728949893812475
16,8,0.02324952774876386
16,10,0.07435223956449147
16,12,0.020878692266483083
16,13,0.022167554926073633
16,14,0.021402925123634755
16,17,0.021402925123634755
16,18,0.021775177815467114
16,19,0.06711560552140243
16,21,0.04745789978762495
16,23,0.046040925551613085
16,24,0.05264981264926564
16,25,0.04649905549752772
16,26,0.023485569615051043
16,29,0.021223817998900447
16,30,0.03822198817224581
16,31,0.043173289177634556
16,32,0.07435223956449147
16,33,0.025674808298154845
16,34,0.06590621627456203
16,35,0.06475993376645184
16,36,0.02324952774876386
16,37,0.023020462775806542
16,38,0.021223817998900447
16,39,0.08419653359482289
17,0,0.03766217885773547
17,2,0.018633899812498248
17,4,0.05270462766947299
17,5,0.07715167498104594
17,6,0.054772255750516606
17,7,0.07453559924999299
17,9,0.041885390829169554
17,11,0.05270462766947299
17,12,0.06356417261637282
17,13,0.017407765595569783
17,14,0.033614632272640714
17,15,0.03513641844631533
17,16,0.021516574145596757
17,18,0.034199278402838464
17,19,0.017568209223157664
17,20,0.0847579379526013
17,21,0.07453559924999299
17,22,0.03390317518104052
17,23,0.018257418583505537
17,24,0.0826898230594723
17,25,0.054772255750516606
17,26,0.07377111135633174
17,27,0.09221388919541468
17,28,0.019687480773953943
17,29,0.06666666666666665
17,30,0.04502251688907481
17,31,0.06780635036208103
17,32,0.05906244232186183
17,33,0.04032389192727559
17,34,0.017407765595569783
17,35,0.06780635036208103
17,36,0.03688555567816587
17,37,0.03615507630310936
17,38,0.033333333333333326
17,39,0.033058980245364314
18,0,0.07728116040079154
18,1,0.06532553344640134
18,2,0.05735393346764045
18,3,0.018921890815214913
18,4,0.03604920469572501
18,5,0.07915594835766294
18,6,0.05619514869490164
18,7,0.05735393346764045
18,9,0.042973504259354006
18,10,0.059904229787315376
18,11,0.05407380704358751
18,15,0.12617221643503754
18,16,0.021775177815467114
18,17,0.03448788502503236
18,19,0.018024602347862503
18,20,0.01739196190134912
18,21,0.05796087030059366
18,22,0.050876697110631815
18,23,0.018547162802488575
18,24,0.02120949209919259
18,25,0.037463432463267755
18,26,0.03823595564509363
18,27,0.018921890815214913
18,28,0.061313933948496574
18,29,0.050876697110631815
18,30,0.046192127684579004
18,31,0.06956784760539649
18,33,0.020685720094603028
18,34,0.017859990659227328
18,35,0.06956784760539649
18,36,0.037843781630429826
18,38,0.0512989176042577
18,39,0.08479449518438636
19,0,0.0601929265428846
19,1,0.06711560552140243
19,3,0.038880789567986955
19,4,0.037037037037037035
19,5,0.04879500364742666
19,6,0.057735026918962574
19,7,0.019641855032959652
19,8,0.03849001794597505
19,9,0.022075539284417398
19,10,0.020515248496555453
19,11,0.018692405136401476
19,12,0.0670025210172808
19,13,0.11009637651263605
19,14,0.05270462766947299
19,15,0.05504818825631803
19,16,0.06711560552140243
19,17,0.017568209223157664
19,18,0.018024602347862503
19,20,0.01786854224729658
19,22,0.06913011298202835
19,23,0.07622159339667059
19,25,0.09622504486493763
19,26,0.07776157913597391
19,27,0.019440394783993478
19,29,0.03484722489928778
19,30,0.06327719971683327
19,31,0.12507979573107605
19,32,0.020515248496555453
19,33,0.0850102284084451
19,34,0.03669879217087869
19,35,0.03604920469572501
19,38,0.017568209223157664
19,39,0.06969444979857556
20,0,0.07661204685080918
20,1,0.021586644588817278
20,2,0.09476225544736293
20,3,0.0937903091855161
20,4,0.05410897700310648
20,5,0.03161487387093395
20,6,0.037516123674206446
20,7,0.07580980435789034
20,8,0.018569533817705184
20,9,0.021300716142115247
20,10,0.019795189561622396
20,11,0.01786854224729658
20,12,0.06465081838352359
20,13,0.08852677897456387
20,14,0.051724137931034475
20,15,0.05311606738473832
20,17,0.0847579379526013
20,18,0.01739196190134912
20,19,0.01786854224729658
20,21,0.05685735326841775
20,22,0.03362413195695433
20,23,0.055159734851469154
20,25,0.09284766908852592
20,26,0.056274185511309666
20,27,0.0937903091855161
20,28,0.040048086573163666
20,29,0.05085476277156078
20,30,0.04579218831544976
20,31,0.12068965517241378
20,32,0.019795189561622396
20,33,0.0410132391597531
20,34,0.035093120317179816
20,35,0.03448275862068965
20,36,0.03713906763541037
20,37,0.0367731565676461
20,38,0.05085476277156078
20,39,0.016812065978477165
21,0,0.021053798026662976
21,4,0.019641855032959652
21,5,0.06900655593423542
21,7,0.04166666666666667
21,8,0.020619652471058063
21,9,0.04745789978762495
21,10,0.02175970699446223
21,11,0.07856742013183861
21,12,0.07106690545187015
21,13,0.019462473604038077
21,14,0.05590169943749475
21,15,0.038924947208076155
21,16,0.04745789978762495
21,17,0.07453559924999299
21,18,0.05735393346764045
21,20,0.05685735326841775
21,22,0.018480531773864325
21,23,0.040824829046386304
21,24,0.023112508176051216
21,25,0.020412414523193152
21,27,0.041239304942116126
21,28,0.0880450906325624
21,29,0.03696106354772865
21,30,0.033557802760701215
21,31,0.03823595564509363
21,32,0.04351941398892446
21,35,0.018952451089472584
21,36,0.06123724356957946
21,38,0.037267799624996496
21,39,0.018480531773864325
22,0,0.018524872445114318
22,1,0.041757384532966166
22,3,0.0544286258572245
22,4,0.05184758473652126
22,5,0.07589709258986453
22,6,0.035921060405354976
22,7,0.07332355751067665
22,8,0.07184212081070995
22,9,0.041757384532966166
22,11,0.03522349768381734
22,12,0.04689790496105418
22,13,0.03424938726253708
22,14,0.016395645894598822
22,15,0.03424938726253708
22,17,0.032791291789197645
22,18,0.05046473326893667
22,19,0.06913011298202835
22,20,0.0333518672982535
22,21,0.018524872445114318
22,23,0.1067014491044368
22,24,0.0406725917391042
22,25,0.10776318121606493
22,26,0.0544286258572245
22,27,0.0544286258572245
22,28,0.03919309008348103
22,29,0.13116516715679058
22,30,0.05905385953574926
22,31,0.08337966824563375
22,32,0.01914598952668709
22,33,0.09917043796975242
22,35,0.05002780094738025
22,36,0.07184212081070995
22,37,0.0533507245522184
22,38,0.032791291789197645
22,39,0.016260700012185932
23,0,0.02042518425514167
23,1,0.0700140042014005
23,3,0.020004001200400138
23,4,0.019055398349167647
23,5,0.016736548175114458
23,6,0.05940885257860045
23,7,0.04085036851028334
23,9,0.02271554252121273
23,10,0.06333004963811235
23,12,0.03447251266633461
23,13,0.018881372801234024
23,14,0.054232614454664034
23,16,0.046040925551613085
23,17,0.01807753815155468
23,18,0.018547162802488575
23,19,0.07693730481128204
23,20,0.055159734851469154
23,21,0.02042518425514167
23,22,0.10757249579467186
23,24,0.044844852933087494
23,25,0.019802950859533482
23,27,0.040008002400800276
23,28,0.021354071087949105
23,29,0.05378624789733593
23,30,0.09766755200895179
23,32,0.02111001654603745
23,34,0.03742405942825599
23,35,0.055159734851469154
23,36,0.05940885257860045
23,37,0.019607843137254898
23,38,0.054232614454664034
23,39,0.08964374649555988
24,2,0.023112508176051216
24,3,0.022875450543583874
24,4,0.021995293510729184
24,5,0.019138975058773818
24,6,0.045291081365783824
24,7,0.06933752452815364
24,8,0.022645540682891912
24,9,0.025976216673306556
24,10,0.02414022747926338
24,11,0.021995293510729184
24,12,0.03942082639927218
24,13,0.021591675854376522
24,14,0.04134491152973615
24,15,0.021591675854376522
24,16,0.05264981264926564
24,17,0.0826898230594723
24,18,0.02120949209919259
24,21,0.023112508176051216
24,22,0.0406725917391042
24,23,0.022645540682891912
24,25,0.04575090108716775
24,26,0.06862635163075162
24,27,0.04575090108716775
24,28,0.04883862905055044
24,29,0.04100461840523648
24,30,0.01874158281974584
24,31,0.063077570029677
24,33,0.025318484177091663
24,35,0.042051713353118
24,36,0.022645540682891912
24,38,0.06201736729460422
24,39,0.04100461840523648
25,0,0.10425720702853739
25,1,0.02324952774876386
25,2,0.06123724356957946
25,3,0.020203050891044214
25,4,0.0769800358919501
25,5,0.05070925528371099
25,7,0.020412414523193152
25,8,0.039999999999999994
25,9,0.13764944032233709
25,11,0.03849001794597505
25,12,0.034815531191139566
25,13,0.07627700713964738
25,14,0.054772255750516606
25,15,0.03849001794597505
25,16,0.04649905549752772
25,17,0.054772255750516606
25,18,0.037463432463267755
25,19,0.09622504486493763
25,20,0.09449111825230681
25,21,0.020412414523193152
25,22,0.10864289525102223
25,23,0.019802950859533482
25,24,0.045291081365783824
25,26,0.04040610178208843
25,27,0.06324555320336758
25,29,0.05432144762551112
25,30,0.03310423554409472
25,31,0.07427813527082074
25,33,0.044721359549995794
25,34,0.056694670951384085
25,35,0.055708601453115555
25,38,0.03651483716701107
25,39,0.036214298417007414
26,0,0.06251356778481196
26,3,0.04081632653061224
26,4,0.038880789567986955
26,6,0.10101525445522107
26,7,0.041239304942116126
26,11,0.019440394783993478
26,12,0.08792249355666623
26,13,0.07705141285294195
26,14,0.03688555567816587
26,16,0.023809523809523808
26,17,0.07377111135633174
26,18,0.037843781630429826
26,19,0.07776157913597391
26,20,0.056274185511309666
26,22,0.0544286258572245
26,24,0.06952346619889824
26,25,0.04040610178208843
26,27,0.04081632653061224
26,28,0.04357102009502991
26,29,0.018290982847556567
26,30,0.03344032777032302
26,32,0.0646095738380922
26,33,0.09035079029052512
26,35,0.056274185511309666
26,36,0.04040610178208843
26,37,0.040008002400800276
26,38,0.037516123674206446
26,39,0.036581965695113135
27,0,0.020837855928270654
27,2,0.06185895741317419
27,3,0.04081632653061224
27,4,0.038880789567986955
27,7,0.06185895741317419
27,9,0.023174488732966077
27,10,0.0215365246126974
27,11,0.05832118435198043
27,12,0.03516899742266649
27,13,0.057788559639706465
27,14,0.018442777839082936
27,15,0.038525706426470976
27,17,0.09221388919541468
27,18,0.018921890815214913
27,19,0.019440394783993478
27,20,0.0937903091855161
27,21,0.041239304942116126
27,22,0.0544286258572245
27,23,0.040008002400800276
27,24,0.046348977465932154
27,25,0.06060915267313264
27,26,0.04081632653061224
27,28,0.021785510047514955
27,29,0.07316393139022627
27,30,0.033213611069662655
27,32,0.0215365246126974
27,34,0.038180177416060626
27,35,0.018758061837103223
27,36,0.04040610178208843
27,37,0.020004001200400138
27,38,0.018442777839082936
27,39,0.05532833351724881
28,0,0.022484687520664397
28,1,0.025070610528195012
28,2,0.0660338179744218
28,4,0.06225728063646903
28,5,0.036986336072765455
28,6,0.04313310928137536
28,7,0.0880450906325624
28,10,0.11495012246792573
28,11,0.041504853757646024
28,12,0.03754255278891389
28,13,0.020562903028816623
28,14,0.019687480773953943
28,15,0.061688709086449876
28,17,0.019687480773953943
28,18,0.06059678724350827
28,20,0.040397858162338846
28,21,0.0880450906325624
28,22,0.039050882279228
28,23,0.021354071087949105
28,24,0.04883862905055044
28,26,0.04357102009502991
28,27,0.021785510047514955
28,29,0.039050882279228
28,30,0.053182796138920636
28,31,0.020024043286581833
28,32,0.04598004898717029
28,33,0.023816275411477048
28,34,0.08151391459392224
28,35,0.040048086573163666
28,36,0.04313310928137536
28,37,0.021354071087949105
28,38,0.09843740386976972
28,39,0.058576323418841995
29,0,0.01867609840282882
29,1,0.042098266797411445
29,2,0.018480531773864325
29,3,0.018290982847556567
29,4,0.05227083734893167
29,5,0.030827658034323774
29,6,0.07316393139022627
29,7,0.03696106354772865
29,8,0.018107149208503707
29,9,0.0623109738595896
29,10,0.038604571824109146
29,11,0.01742361244964389
29,12,0.04728075135384592
29,13,0.051793468104588666
29,14,0.04958847036804647
29,15,0.01726448936819622
29,16,0.021049133398705722
29,17,0.06611796049072863
29,18,0.051793468104588666
29,19,0.03484722489928778
29,20,0.05043619793543149
29,21,0.03696106354772865
29,22,0.13008560009748746
29,23,0.05378624789733593
29,24,0.04100461840523648
29,25,0.05432144762551112
29,26,0.018480531773864325
29,27,0.07316393139022627
29,28,0.039050882279228
29,30,0.029767969928650113
29,31,0.01695889903687727
29,32,0.019302285912054573
29,33,0.0202444082544729
29,34,0.034219295541457743
29,37,0.0717149971964479
29,38,0.05000694589153869
29,39,0.01639344262295082
30,0,0.06782584334807007
30,1,0.05733298225836872
30,2,0.016778901380350607
30,3,0.06642722213932531
30,4,0.015819299929208316
30,5,0.11115400287534569
30,6,0.032879797461071454
30,7,0.05086938251105255
30,8,0.032879797461071454
30,9,0.03771571432023571
30,10,0.01752499093081954
30,11,0.11073509950445821
30,12,0.05723638070321425
30,13,0.04702448523165576
30,14,0.030015011259383207
30,15,0.06327719971683327
30,16,0.03822198817224581
30,17,0.04502251688907481
30,18,0.046192127684579004
30,19,0.06387136486221796
30,20,0.046192127684579004
30,21,0.033912921674035035
30,22,0.05905385953574926
30,23,0.09766755200895179
30,24,0.0186145197762485
30,25,0.032879797461071454
30,26,0.033557802760701215
30,27,0.033213611069662655
30,28,0.053182796138920636
30,29,0.029767969928650113
30,31,0.10684843940271611
30,32,0.01752499093081954
30,33,0.054464493159869794
30,34,0.031068488300060003
30,35,0.015264062771816586
30,36,0.016439898730535727
30,37,0.06575959492214291
30,38,0.030015011259383207
30,39,0.1041878947502754
31,0,0.05745903513810688
31,1,0.06475993376645184
31,2,0.05745903513810688
31,3,0.056274185511309666
31,4,0.07147416898918632
31,5,0.06277648205743444
31,6,0.055708601453115555
31,7,0.11491807027621376
31,8,0.018569533817705184
31,9,0.043173289177634556
31,10,0.03959037912324479
31,11,0.03573708449459316
31,12,0.048488113787642693
31,13,0.05311606738473832
31,14,0.03390317518104052
31,15,0.03541071158982555
31,16,0.043173289177634556
31,17,0.06780635036208103
31,18,0.06956784760539649
31,19,0.12625427967391514
31,20,0.12068965517241378
31,21,0.03790490217894517
31,22,0.08406032989238582
31,24,0.06390214842634574
31,25,0.07503224734841289
31,28,0.020024043286581833
31,29,0.016812065978477165
31,30,0.10757778875293536
31,33,0.04152273992686998
31,34,0.08773280079294954
31,35,0.0689655172413793
31,36,0.018569533817705184
31,37,0.0367731565676461
31,38,0.06780635036208103
31,39,0.016812065978477165
32,0,0.04397994971335425
32,1,0.024784079854830488
32,3,0.0215365246126974
32,4,0.041030496993110906
32,5,0.036037498507822355
32,6,0.02175970699446223
32,7,0.08703882797784893
32,10,0.06897007348075544
32,11,0.041030496993110906
32,12,0.07422696190252055
32,13,0.06098367211363063
32,14,0.03892494720807615
32,15,0.06098367211363063
32,16,0.07537783614444091
32,17,0.05838742081211422
32,19,0.020515248496555453
32,20,0.019795189561622396
32,21,0.04351941398892446
32,22,0.01914598952668709
32,23,0.02111001654603745
32,26,0.0646095738380922
32,27,0.0215365246126974
32,28,0.04598004898717029
32,29,0.019302285912054573
32,30,0.01752499093081954
32,34,0.020145574100634507
32,39,0.05790685773616372
33,0,0.0683408533502272
33,1,0.025674808298154845
33,4,0.06435634802102162
33,5,0.07466533929465574
33,7,0.11270870433342906
33,9,0.05066945919381401
33,11,0.04250511420422255
33,12,0.07748388442260598
33,13,0.06375767130633382
33,14,0.04032389192727559
33,15,0.021058465757133066
33,16,0.025674808298154845
33,17,0.04032389192727559
33,18,0.020685720094603028
33,19,0.0850102284084451
33,20,0.041371440189206056
33,22,0.09917043796975242
33,24,0.02500781616401777
33,25,0.044172610429938614
33,26,0.08924214965063204
33,28,0.023816275411477048
33,29,0.01999600119960014
33,30,0.054464493159869794
33,31,0.0410132391597531
33,34,0.06260879033472617
33,35,0.020685720094603028
33,36,0.06625891564490792
33,37,0.04373740168406954
33,38,0.04032389192727559
33,39,0.020161945963637795
34,0,0.058476088168908785
34,2,0.05786375623578447
34,3,0.038575837490522985
34,4,0.036369648372665396
34,5,0.09583148474999098
34,6,0.07559289460184544
34,8,0.03779644730092272
34,9,0.021677749238103002
34,10,0.020145574100634507
34,11,0.036369648372665396
34,12,0.03289758474798845
34,13,0.05405624776173354
34,14,0.06900655593423542
34,15,0.07207499701564471
34,16,0.06590621627456203
34,17,0.017251638983558856
34,18,0.017699808135119715
34,19,0.036369648372665396
34,20,0.035093120317179816
34,23,0.03779644730092272
34,25,0.056694670951384085
34,27,0.038180177416060626
34,28,0.08151391459392224
34,29,0.034219295541457743
34,30,0.031068488300060003
34,31,0.08773280079294954
34,32,0.020145574100634507
34,33,0.06260879033472617
34,35,0.05263968047576973
34,36,0.03779644730092272
34,37,0.07484811885651198
34,38,0.03571428571428571
34,39,0.017109647770728872
35,0,0.019360077316559157
35,2,0.03790490217894517
35,3,0.018758061837103223
35,5,0.03138824102871722
35,6,0.07427813527082074
35,7,0.03790490217894517
35,8,0.03713906763541037
35,9,0.043173289177634556
35,10,0.07918075824648958
35,11,0.03573708449459316
35,12,0.048488113787642693
35,13,0.05311606738473832
35,14,0.03390317518104052
35,15,0.01786854224729658
35,16,0.06475993376645184
35,17,0.06780635036208103
35,18,0.07018624063435963
35,19,0.03573708449459316
35,20,0.03448275862068965
35,21,0.018952451089472584
35,22,0.05002780094738025
35,23,0.055159734851469154
35,24,0.042051713353118
35,25,0.056274185511309666
35,26,0.05685735326841775
35,27,0.018758061837103223
35,28,0.040048086573163666
35,30,0.015264062771816586
35,31,0.0689655172413793
35,33,0.02050661957987655
35,34,0.05263968047576973
35,36,0.07427813527082074
35,37,0.055159734851469154
35,38,0.06780635036208103
35,39,0.06724826391390866
36,0,0.04125684985035174
36,2,0.020412414523193152
36,3,0.020412414523193152
36,4,0.03849001794597505
36,5,0.03380617018914066
36,6,0.039999999999999994
36,7,0.040824829046386304
36,8,0.039999999999999994
36,10,0.02132007163556104
36,12,0.034815531191139566
36,13,0.019069251784911846
36,14,0.03651483716701107
36,15,0.03813850356982369
36,16,0.02324952774876386
36,17,0.03651483716701107
36,18,0.03779644730092272
36,20,0.03713906763541037
36,21,0.06123724356957946
36,22,0.07242859683401483
36,23,0.05940885257860045
36,24,0.02294157338705618
36,26,0.04040610178208843
36,27,0.04040610178208843
36,28,0.04313310928137536
36,30,0.016439898730535727
36,31,0.018731716231633878
36,33,0.06625891564490792
36,34,0.03779644730092272
36,35,0.07427813527082074
36,37,0.05940885257860045
36,38,0.03651483716701107
36,39,0.018107149208503707
37,0,0.04085036851028334
37,1,0.023020462775806542
37,3,0.020004001200400138
37,4,0.057166195047502935
37,5,0.05020964452534338
37,6,0.019802950859533482
37,7,0.020211302086361082
37,8,0.039605901719066965
37,9,0.06814662756363819
37,11,0.038110796698335295
37,12,0.017236256333167305
37,13,0.0755254912049361
37,14,0.09038769075777339
37,15,0.05664411840370207
37,16,0.023669053416557544
37,17,0.03646018784154863
37,20,0.03709432560497715
37,22,0.0533507245522184
37,23,0.019607843137254898
37,26,0.040008002400800276
37,27,0.020211302086361082
37,28,0.021354071087949105
37,29,0.0717149971964479
37,30,0.06511170133930119
37,31,0.0367731565676461
37,33,0.04373740168406954
37,34,0.07484811885651198
37,35,0.055159734851469154
37,36,0.05940885257860045
37,38,0.01807753815155468
37,39,0.03585749859822395
38,0,0.018831089428867735
38,1,0.042447635997800895
38,2,0.07453559924999299
38,3,0.07377111135633174
38,4,0.05270462766947299
38,5,0.01554174680400523
38,6,0.03651483716701107
38,7,0.037267799624996496
38,8,0.018257418583505537
38,9,0.06282808624375433
38,10,0.019462473604038074
38,11,0.017568209223157664
38,12,0.03178208630818641
38,13,0.034815531191139566
38,14,0.049999999999999996
38,15,0.034815531191139566
38,16,0.021223817998900447
38,17,0.033333333333333326
38,18,0.05175491695067657
38,19,0.017568209223157664
38,20,0.05085476277156078
38,21,0.03766217885773547
38,22,0.032791291789197645
38,23,0.054232614454664034
38,24,0.06201736729460422
38,25,0.03651483716701107
38,26,0.03688555567816587
38,27,0.018442777839082936
38,28,0.09843740386976972
38,29,0.049999999999999996
38,30,0.030015011259383207
38,31,0.06839855680567693
38,33,0.04032389192727559
38,34,0.034815531191139566
38,35,0.06780635036208103
38,36,0.03651483716701107
38,37,0.01807753815155468
38,39,0.033333333333333326
39,0,0.07470439361131528
39,1,0.042098266797411445
39,2,0.03696106354772865
39,3,0.054872948542669706
39,4,0.03484722489928778
39,5,0.015303334194570998
39,6,0.036214298417007414
39,7,0.05544159532159297
39,8,0.036214298417007414
39,9,0.0207703246198632
39,10,0.019525441139614
39,11,0.05227083734893167
39,12,0.06352408168042842
39,13,0.03452897873639244
39,14,0.033058980245364314
39,15,0.01726448936819622
39,16,0.08535791995526398
39,17,0.033058980245364314
39,18,0.08554823885364436
39,19,0.06969444979857556
39,20,0.016812065978477165
39,21,0.01867609840282882
39,22,0.016260700012185932
39,23,0.08964374649555988
39,24,0.04100461840523648
39,25,0.036214298417007414
39,26,0.036581965695113135
39,27,0.054872948542669706
39,28,0.05926955847701997
39,29,0.01639344262295082
39,30,0.1041878947502754
39,31,0.016812065978477165
39,32,0.058576323418841995
39,33,0.01999600119960014
39,34,0.017109647770728872
39,35,0.06724826391390866
39,36,0.018107149208503707
39,37,0.03585749859822395
39,38,0.033058980245364314
